323
680
1470
1858
2014
2017
2124
2163
2290
2388
2400
2500
2502
2518
2526
2821
3283
3310
3639
4278
4838
5777
5972
6066
6145
6519
6520
6521
6522
6523
6524
6686
6687
6712
6842
7128
7164
7166
7169
7176
7229
7297
7452
7518
7846
7864
7951
7964
7965
7971
8649
10071
10366
10946
10956
10999
11167
11212
11310
11399
11738
11894
11897
11924
11938
12058
12064
12085
12169
12286
12333
12370
12617
12820
12863
12956
13268
13402
13539
13746
14134
14294
14499
14867
15255
15474
15475
15476
15477
15483
15540
15586
15720
16295
16382
16444
16528
16546
16578
16659
16847
16996
16997
17455
17711
17730
17928
18051
18285
18307
18813
18833
19529
19550
19630
20479
20583
20640
20668
20847
21020
21557
21918
22010
22217
22514
22599
22885
23136
23245
24063
24461
24562
24607
24869
25119
25965
26000
26202
26621
27270
27827
27886
28117
28262
31572
31696
31968
32125
32231
32763
33131
33186
33426
33525
34125
34757
34862
35555
35997
36254
36478
36696
37364
37782
38016
38174
38488
38511
39232
39442
39448
39642
39848
40140
40155
40461
40517
40588
40708
40766
40920
41128
41421
41424
41489
41563
41954
42674
42991
43681
43682
44250
44424
44608
44881
45158
45159
45247
46151
46531
46803
46989
47214
47228
47380
47814
48511
48666
48854
48996
49166
49544
50619
51880
52309
52473
52643
52739
52994
53093
53360
53400
53491
53674
53716
53717
54027
54183
54561
54652
55054
55465
55940
56144
57068
57175
57265
57317
57374
57375
57376
57667
57772
57826
58074
58529
58816
59595
60188
60590
61178
61724
61937
62496
62508
62514
62798
63275
64247
64622
64623
64786
65351
65425
65541
66208
66386
66870
68641
68996
69173
69383
69552
70025
70057
70177
71063
71064
71095
71248
71249
71326
72368
73070
73417
74050
74314
74620
74664
74751
75863
76145
76982
